-2.0 0.002187491118182885
-1.5 0.005086069231012701
-1.0 0.011108996538242306
-0.5 0.022794180883612344
0.0 0.04393693362340742
0.5 0.07955950871822769
1.0 0.1353352832366127
1.5 0.2162651668298873
2.0 0.32465246735834974
2.5 0.45783336177161427
3.0 0.6065306597126334
3.5 0.7548396019890073
4.0 0.8824969025845955
4.5 0.9692332344763441
5.0 1.0
5.5 0.9692332344763441
6.0 0.8824969025845955
6.5 0.7548396019890073
7.0 0.6065306597126334
7.5 0.45783336177161427
8.0 0.32465246735834974
8.5 0.2162651668298873
9.0 0.1353352832366127
9.5 0.07955950871822769
10.0 0.04393693362340742
10.5 0.022794180883612344
11.0 0.011108996538242306
11.5 0.005086069231012701
12.0 0.002187491118182885
