-2.0 9.110511944006454E-4
-1.5 0.0015011822567369917
-1.0 0.0024726231566347743
-0.5 0.004070137715896128
0.0 0.0066928509242848554
0.5 0.01098694263059318
1.0 0.01798620996209156
1.5 0.02931223075135632
2.0 0.04742587317756678
2.5 0.07585818002124355
3.0 0.11920292202211755
3.5 0.18242552380635635
4.0 0.2689414213699951
4.5 0.3775406687981454
5.0 0.5
5.5 0.6224593312018546
6.0 0.7310585786300049
6.5 0.8175744761936437
7.0 0.8807970779778823
7.5 0.9241418199787566
8.0 0.9525741268224334
8.5 0.9706877692486436
9.0 0.9820137900379085
9.5 0.9890130573694068
10.0 0.9933071490757153
10.5 0.995929862284104
11.0 0.9975273768433653
11.5 0.998498817743263
12.0 0.9990889488055994
